0 19
-1 21
-1 24
0 21
0 0
1 2
0 4
0 2
1 4
1 2
0 2
0 2
0 2
0 3
0 4
-1 6
0 4
-1 5
-2 6
0 5
-1 4
-1 3
-2 4
0 5
-1 4
0 6
-1 6
-1 7
-2 5
0 4
-1 3
0 3
0 2
0 3
-1 3
1 4
-1 5
0 4
-1 5
0 6
-1 4
0 7
0 5
-2 6
0 4
-1 6
-1 3
0 7
-1 8
-1 7
-1 6
0 6
0 7
-1 5
-1 8
-1 7
-1 6
0 6
-1 7
0 7
-1 5
1 7
0 5
-1 5
0 5
0 6
-2 10
0 8
0 9
0 10
0 9
0 6
-1 6
0 5
0 3
0 4
0 4
0 5
0 5
0 5
-1 5
0 6
0 6
0 5
0 3
0 3
0 3
-1 2
0 3
0 3
-1 4
0 3
0 5
0 3
0 4
0 1
0 4
-1 5
0 2
0 4
1 6
0 3
0 4
0 3
0 4
0 5
0 5
0 3
-1 5
0 6
0 3
1 7
0 6
0 5
0 6
0 7
0 5
0 5
0 5
0 3
0 3
1 4
0 4
0 4
0 3
0 5
0 5
0 5
0 5
1 4
0 6
0 5
0 3
0 5
0 4
0 5
0 5
1 4
0 4
0 4
0 5
0 4
0 4
-1 4
0 5
0 4
-1 6
0 4
0 5
0 4
0 3
-1 5
0 4
0 4
0 5
0 3
-1 4
0 6
-1 4
0 5
0 5
0 3
0 4
-1 4
0 3
0 3
0 4
0 2
-1 4
0 3
0 4
0 3
0 4
0 3
-1 4
0 4
0 5
0 5
-1 3
0 6
-1 3
0 3
0 3
0 4
-1 4
0 3
0 4
0 2
-1 4
0 4
-1 3
0 4
0 2
0 3
0 4
0 2
0 4
-1 4
0 2
0 3
-1 4
-1 2
0 2
0 4
0 2
0 4
0 2
-1 5
-1 2
0 3
0 3
0 3
0 2
0 4
0 3
0 2
0 3
0 4
0 3
-1 4
-1 3
0 4
0 4
0 4
0 2
0 3
0 2
0 2
0 3
0 2
0 4
0 3
0 2
-1 3
0 4
0 0
0 2
0 2
0 1
0 1
0 3
0 2
0 2
0 2
0 2
0 3
0 1
0 1
0 1
-1 1
0 1
0 2
0 2
0 1
1 1
0 2
0 1
0 2
0 1
0 1
0 1
0 1
1 1
0 2
0 1
0 1
0 1
0 2
0 1
0 1
0 1
0 2
0 1
0 2
0 1
0 2
0 1
0 3
0 0
0 2
0 2
0 1
0 0
0 2
0 1
0 2
0 3
0 1
0 2
0 2
0 1
0 1
0 2
0 1
-1 2
0 1
0 2
0 2
0 2
0 2
0 2
0 0
0 3
0 2
0 3
0 2
0 2
-1 2
0 1
0 3
-1 2
0 2
0 2
0 2
-1 1
0 2
0 1
0 0
0 2
0 1
0 1
0 2
0 1
0 1
0 2
0 2
0 1
0 2
0 0
0 1
0 2
0 3
-1 3
0 2
0 3
0 2
0 1
0 2
0 0
0 1
-1 2
0 1
0 3
0 1
0 3
0 2
0 2
0 1
0 3
0 1
-1 1
0 3
0 1
0 2
-1 3
0 1
0 2
0 2
0 2
0 0
0 3
0 1
0 2
0 2
0 1
-1 1
-1 3
0 0
0 3
0 2
0 2
0 3
0 2
-2 2
0 3
0 2
0 2
0 4
0 2
0 3
-1 3
0 2
-2 2
0 3
0 2
0 2
0 2
-1 3
0 1
-1 4
0 2
0 3
-1 3
-1 2
0 1
0 3
0 1
-1 2
0 4
0 1
-2 3
-1 3
0 2
-1 2
0 2
0 1
0 1
0 2
0 2
-1 2
0 3
0 3
-1 3
-1 2
0 3
0 2
-1 3
-1 3
0 3
-1 3
0 3
0 2
-1 5
0 2
-1 3
0 3
-1 3
0 2
-1 3
0 2
0 4
-1 2
0 3
1 4
-1 3
0 2
-1 3
0 2
0 3
-1 3
0 2
0 2
0 2
0 1
0 1
0 0
0 1
0 0
0 0
0 0
0 0
0 0
0 0
0 0
0 0
0 0
0 0
0 0
0 0
0 0
0 0
0 0
0 0
0 0
0 0
0 0
0 0
0 0
