-2 1
-1 14
4 20
8 20
9 25
-1 0
-2 6
-3 6
-4 9
-2 15
-2 12
-3 13
-2 14
-2 16
-3 12
-1 13
-3 11
-3 13
-3 11
-1 10
-1 13
-3 12
-4 13
-2 14
-2 13
-2 13
-4 17
-3 17
-3 18
-2 16
-3 16
-1 15
-3 15
-3 13
-1 14
-3 15
-2 14
-1 14
-1 15
0 16
-4 17
-1 18
-1 18
0 18
0 22
-1 18
-1 17
0 16
-1 18
0 17
-2 16
0 14
-1 15
-1 15
0 12
-2 14
-2 12
-2 16
-3 17
-4 18
-3 19
-3 19
-4 22
-3 19
-3 17
-3 17
-2 14
-4 18
-3 18
-5 20
-5 19
-4 21
-4 18
-5 18
-4 17
-4 15
-5 15
-5 15
-4 14
-4 14
-4 12
-1 4
0 5
-4 13
-3 13
-3 10
-3 10
-5 12
-2 10
-4 11
-5 12
-1 8
-3 9
-2 8
-3 11
-3 10
-4 12
-3 13
-3 12
-3 12
-4 12
-3 11
-4 13
-3 13
-4 14
-6 18
-5 16
-4 15
-6 17
-5 15
-5 16
-5 15
-5 13
-5 15
-4 17
-6 17
-6 18
-6 21
-5 17
-7 20
-5 19
-6 19
-6 19
-6 21
-7 22
-7 20
-7 18
-7 19
-5 18
-7 18
-6 15
-5 16
-6 17
-6 15
-6 15
-5 13
-5 13
-3 11
-3 9
-4 11
-2 7
-3 9
-2 6
-2 6
-2 8
-3 8
-1 8
-3 8
-3 7
-3 10
-2 10
-4 10
-3 12
-3 11
-4 11
-2 11
-3 9
-2 11
-4 11
-3 11
-4 10
-3 11
-4 10
-3 9
-4 11
-2 8
-4 10
-3 9
-3 10
-3 10
-3 9
-3 9
-3 9
-4 10
-4 10
-3 11
-3 9
-3 10
-3 10
-3 11
-2 8
-4 9
-4 10
-2 8
-2 9
-4 8
-3 10
-2 7
-2 8
-3 8
-2 8
-4 9
-3 9
-2 6
-5 13
-4 10
-5 11
-4 11
-4 10
-4 13
-5 10
-5 12
-4 12
-3 8
-4 9
-5 13
-4 11
-3 10
-4 10
-4 11
-1 6
-4 9
-2 9
-4 8
0 3
-1 3
-3 12
-5 11
-2 8
-2 6
-3 9
-3 11
-3 9
-4 10
-2 8
-4 9
-1 7
-3 7
-2 7
-3 9
-4 9
-3 8
-4 11
-4 10
-2 7
-2 3
-3 9
-6 16
-4 12
-6 14
-6 15
-6 15
-8 15
-8 14
-7 13
-7 14
-8 14
-7 14
-7 12
-5 13
-8 13
-8 13
-6 13
-7 13
-6 11
-1 3
-3 6
-5 10
-4 11
-5 11
-6 10
-7 14
-9 14
-10 14
-11 14
-8 9
-10 16
-10 14
-10 15
-8 15
-7 14
-7 13
-8 14
-6 13
-7 13
-5 10
-5 11
-7 13
-8 13
-7 13
-7 14
-5 12
-8 12
-5 12
-8 14
-7 12
-1 3
-2 3
-4 6
-7 15
-19 34
-9 14
-9 16
-9 15
-8 14
-6 13
-7 11
-8 14
-8 16
-6 12
-6 12
-6 11
-7 13
-5 10
-7 11
-6 13
-4 7
-6 10
-7 12
-6 11
-7 13
-4 9
-4 8
-5 9
-4 11
-6 10
-5 9
-1 3
-3 5
-6 12
-6 10
-4 10
-5 9
-5 10
-6 11
-5 10
-3 6
-3 7
-5 10
-5 11
0 10
1 10
0 12
2 12
2 10
3 10
4 13
7 10
9 6
9 4
6 3
-1 10
-3 11
-1 8
-1 11
0 12
2 11
4 8
0 11
-4 10
-4 11
-5 12
-4 11
-5 11
-5 12
-4 11
-4 10
-2 6
-5 12
-5 11
-5 13
-4 11
-4 12
-5 12
-5 13
-4 14
-7 12
-2 9
-5 10
-4 9
-6 15
-5 14
-5 14
-5 14
-6 15
-5 14
-5 14
-5 10
-2 8
-4 9
-4 9
-3 8
-4 10
-3 9
-3 10
-3 6
-3 7
-2 7
-3 8
-3 7
-3 9
-3 10
-3 10
-3 10
-4 11
-3 14
-5 13
-5 13
-4 12
-6 15
-5 12
-6 14
-3 14
-6 14
-5 13
-6 13
-4 15
-6 12
-6 14
-4 12
-5 14
-4 11
-2 14
-4 14
-3 11
1 3
-1 2
-6 13
-2 8
-3 8
-5 11
-3 8
-5 10
-4 9
-3 8
-4 9
-3 7
-1 6
-2 5
-1 5
-2 5
-1 6
-3 5
-2 6
-3 8
-3 9
-2 5
-2 7
-3 6
-3 7
-3 7
-3 8
-4 7
-3 9
-4 10
-4 10
-4 10
-5 11
-4 7
-3 10
-5 9
-4 11
-3 8
-4 11
-4 9
-4 10
-4 9
-4 10
-4 9
-3 9
-4 9
-3 8
-4 8
-3 7
-3 8
-4 7
-2 7
-4 7
-3 7
-4 7
-3 7
-4 10
-4 8
-4 8
-3 9
-3 7
-4 8
-3 8
-3 7
-3 7
-3 6
-4 11
-5 10
-3 8
-5 10
-4 10
-4 9
-5 10
-3 9
-6 11
-4 7
-4 8
-8 14
-7 9
-3 6
-3 8
-3 4
-3 7
-5 12
-3 9
-5 10
-5 11
-4 8
-4 8
-3 7
-3 5
-3 7
-4 10
-4 7
-5 9
-5 9
-4 6
-6 12
-6 10
-5 10
-6 11
-6 12
-4 12
-4 9
-5 11
-4 11
-4 8
-6 9
-6 12
-3 12
-7 11
-6 12
-5 12
-6 12
-6 11
-5 13
-4 8
-4 11
-4 9
-6 11
-6 11
-5 13
-5 9
-5 11
-6 10
-5 12
-3 11
-5 10
-6 13
-6 12
-6 14
-6 13
-5 14
-7 14
-5 15
-5 14
-6 13
-5 14
-4 9
-2 9
-3 8
-2 5
-1 2
-2 2
0 0
0 0
0 0
0 0
0 0
0 0
0 0
0 0
0 0
0 0
0 0
0 0
0 -1
0 0
0 0
0 0
0 0
0 0
0 0
0 0
0 0
0 0
